net: "cifar10_0.prototxt"
test_iter: 100
test_interval: 390
base_lr: 0.025000
momentum: 0.900000
weight_decay: 0.000500
display: 100
max_iter: 117000
snapshot: 390
snapshot_prefix: "modelsave"
solver_mode: GPU
type: "SGD"
lr_policy: "multistep"
gamma: 0.500000
stepvalue: 15625
stepvalue: 31250
stepvalue: 31251
stepvalue: 31252
stepvalue: 31253
stepvalue: 31254
stepvalue: 31255
stepvalue: 31256
stepvalue: 93750
stepvalue: 93751
stepvalue: 93752
