net: "svhn_1.prototxt"
test_iter: 260
test_interval: 4721
base_lr: 0.025000
momentum: 0.900000
weight_decay: 0.000500
display: 100
max_iter: 236050
snapshot: 4721
snapshot_prefix: "modelsave"
solver_mode: GPU
type: "SGD"
lr_policy: "multistep"
gamma: 0.500000
stepvalue: 23608
stepvalue: 47217
stepvalue: 47218
stepvalue: 47219
stepvalue: 47220
stepvalue: 47221
stepvalue: 47222
stepvalue: 47223
stepvalue: 188871
stepvalue: 188872
stepvalue: 188873
